1|1|2009-04-09||1|3.99|39|0|10
2|2|2009-04-09||1|25.59|17|40|25
3|3|2009-04-09||1|12.44|13|70|25
4|4|2009-04-09||1|15.95|53|0|0
5|5|2009-04-09||1|18.9|0|0|0
6|6|2009-04-09||1|24.89|120|0|25
7|7|2009-04-09||1|4.47|15|0|10
8|8|2009-04-09||1|117.99|6|0|0
9|9|2009-04-09||1|139.99|29|0|0
10|10|2009-04-09||1|32.99|31|0|0
11|11|2009-04-09||1|29.99|22|30|30
12|12|2009-04-09||1|1.99|86|0|0
13|13|2009-04-09||1|6.12|24|0|5
14|14|2009-04-09||1|23.25|35|0|0
15|15|2009-04-09||1|16.99|39|0|5
16|16|2009-04-09||1|17.99|29|0|10
17|17|2009-04-09||1|93.89|0|0|0
18|18|2009-04-09||1|77.99|42|0|0
19|19|2009-04-09||1|2.99|25|0|5
20|20|2009-04-09||1|289.99|40|0|0
21|21|2009-04-09||1|9.99|3|40|5
22|22|2009-04-09||1|19.38|104|0|25
23|23|2009-04-09||1|6.99|61|0|25
24|24|2009-04-09||1|7.99|20|0|0
25|25|2009-04-09||1|129.89|76|0|30
26|26|2009-04-09||1|14.99|15|0|0
27|27|2009-04-09||1|499.99|49|0|30
28|28|2009-04-09||1|399.99|26|0|0
29|29|2009-04-09||1|519.49|0|0|0
30|30|2009-04-09||1|26.19|10|0|15
31|31|2009-04-09||1|5.99|0|70|20
32|32|2009-04-09||1|39.99|9|40|25
33|33|2009-04-09||1|5|112|0|20
34|34|2009-04-09||1|6.99|111|0|15
35|35|2009-04-09||1|14.99|20|0|15
36|36|2009-04-09||1|19|112|0|20
37|37|2009-04-09||1|55.99|11|50|25
38|38|2009-04-09||1|2240|17|0|15
39|39|2009-04-09||1|17.99|69|0|5
40|40|2009-04-09||1|7.99|123|0|30
41|41|2009-04-09||1|8.99|85|0|10
42|42|2009-04-09||1|7.49|26|0|0
43|43|2009-04-09||1|76.69|17|10|25
44|44|2009-04-09||1|19.45|27|0|15
45|45|2009-04-09||1|0.75|5|70|15
46|46|2009-04-09||1|6.99|95|0|0
47|47|2009-04-09||1|0.25|36|0|0
48|48|2009-04-09||1|5.99|15|70|25
49|49|2009-04-09||1|23.99|10|60|15
50|50|2009-04-09||1|16.99|65|0|30
51|51|2009-04-09||1|219.99|20|0|10
52|52|2009-04-09||1|5.29|38|0|25
53|53|2009-04-09||1|26.99|0|0|0
54|54|2009-04-09||1|8.75|21|0|10
55|55|2009-04-09||1|59.74|115|0|20
56|56|2009-04-09||1|61.99|21|10|30
57|57|2009-04-09||1|19.5|36|0|20
58|58|2009-04-09||1|9.99|62|0|20
59|59|2009-04-09||1|299.99|79|0|0
60|60|2009-04-09||1|34.99|19|0|0
61|61|2009-04-09||1|22.25|113|0|25
62|62|2009-04-09||1|160.99|17|0|0
63|63|2009-04-09||1|65.99|24|0|5
64|64|2009-04-09||1|33.25|22|80|30
65|65|2009-04-09||1|9.99|76|0|0
66|66|2009-04-09||1|16.99|4|100|20
67|67|2009-04-09||1|13.5|52|0|10
68|68|2009-04-09||1|3.98|6|10|15
69|69|2009-04-09||1|114.99|26|0|15
70|70|2009-04-09||1|15.99|15|10|30
71|71|2009-04-09||1|70.29|26|0|0
72|72|2009-04-09||1|34.89|14|0|0
73|73|2009-04-09||1|14.99|101|0|5
74|74|2009-04-09||1|15.11|4|20|5
75|75|2009-04-09||1|12.09|125|0|25
76|76|2009-04-09||1|27.49|57|0|20
77|77|2009-04-09||1|13.49|32|0|15
78|78|2009-04-09||1|23499.99|0|1|1
